97 110 97 97 114 101 109 101 114 101 110 97 97 114 101 109 101 114 101 109 97 97 114 101 109 101 114 101 109 117 97 114 101 109 101 114 101 109 117 108 114 101 109 101 114 101 109 117 108 116 101 109 101 114 101 109 117 108 116 101 109 101 114 101 109 117 108 116 101 114 101 114 101 109 117 108 116 101 114 97 114 101 109 117 108 116 101 114 97 122 101 109 117 108 116 101 114 97 122 118 109 117 108 116 101 114 97 122 118 97 
105 115 116 104 101 114 101 97 119 97 115 116 104 101 114 101 97 119 97 121 116 104 101 114 101 97 119 97 121 111 104 101 114 101 97 119 97 121 111 102 101 114 101 97 119 97 121 111 102 117 114 101 97 119 97 121 111 102 117 115 101 97 119 97 121 111 102 117 115 105 97 119 97 121 111 102 117 115 105 110 119 97 121 111 102 117 115 105 110 103 97 121 111 102 117 115 105 110 103 97 121 111 102 117 115 105 110 103 97 110 
97 110 97 97 114 101 109 101 114 101 110 97 97 114 101 109 101 114 101 109 97 97 114 101 109 101 114 101 109 117 97 114 101 109 101 114 101 109 117 108 114 101 109 101 114 101 109 117 108 116 101 109 101 114 101 109 117 108 116 101 109 101 114 101 109 117 108 116 101 114 101 114 101 109 117 108 116 101 114 97 114 101 109 117 108 116 101 114 97 122 101 109 117 108 116 101 114 97 122 118 109 117 108 116 101 114 97 122 118 97 
97 108 116 101 114 110 97 116 105 118 108 116 101 114 110 97 116 105 118 108 116 101 114 110 97 116 105 118 108 121 101 114 110 97 116 105 118 108 121 105 114 110 97 116 105 118 108 121 105 115 110 97 116 105 118 108 121 105 115 116 97 116 105 118 108 121 105 115 116 104 116 105 118 108 121 105 115 116 104 101 105 118 108 121 105 115 116 104 101 114 118 108 121 105 115 116 104 101 114 101 108 121 105 115 116 104 101 114 101 97 
97 110 97 97 114 101 109 101 114 101 110 97 97 114 101 109 101 114 101 109 97 97 114 101 109 101 114 101 109 117 97 114 101 109 101 114 101 109 117 108 114 101 109 101 114 101 109 117 108 116 101 109 101 114 101 109 117 108 116 101 109 101 114 101 109 117 108 116 101 114 101 114 101 109 117 108 116 101 114 97 114 101 109 117 108 116 101 114 97 122 101 109 117 108 116 101 114 97 122 118 109 117 108 116 101 114 97 122 118 97 
108 111 99 97 108 99 111 110 110 101 111 99 97 108 99 111 110 110 101 99 99 97 108 99 111 110 110 101 99 116 97 108 99 111 110 110 101 99 116 105 108 99 111 110 110 101 99 116 105 118 99 111 110 110 101 99 116 105 118 105 111 110 110 101 99 116 105 118 105 116 110 110 101 99 116 105 118 105 116 121 110 101 99 116 105 118 105 116 121 119 101 99 116 105 118 105 116 121 119 104 99 116 105 118 105 116 121 119 104 101 
98 101 114 110 97 110 111 115 104 97 101 114 110 97 110 111 115 104 97 100 114 110 97 110 111 115 104 97 100 98 110 97 110 111 115 104 97 100 98 101 97 110 111 115 104 97 100 98 101 101 110 111 115 104 97 100 98 101 101 110 111 115 104 97 100 98 101 101 110 104 115 104 97 100 98 101 101 110 104 105 104 97 100 98 101 101 110 104 105 114 97 100 98 101 101 110 104 105 114 101 100 98 101 101 110 104 105 114 101 100 
116 104 101 115 99 114 101 101 110 112 104 101 115 99 114 101 101 110 112 108 101 115 99 114 101 101 110 112 108 97 115 99 114 101 101 110 112 108 97 121 99 114 101 101 110 112 108 97 121 119 114 101 101 110 112 108 97 121 119 97 101 101 110 112 108 97 121 119 97 115 101 110 112 108 97 121 119 97 115 106 110 112 108 97 121 119 97 115 106 117 112 108 97 121 119 97 115 106 117 100 108 97 121 119 97 115 106 117 100 103 
116 104 101 103 101 110 101 115 105 115 104 101 103 101 110 101 115 105 115 111 101 103 101 110 101 115 105 115 111 102 103 101 110 101 115 105 115 111 102 116 101 110 101 115 105 115 111 102 116 104 110 101 115 105 115 111 102 116 104 101 101 115 105 115 111 102 116 104 101 111 115 105 115 111 102 116 104 101 111 112 105 115 111 102 116 104 101 111 112 101 115 111 102 116 104 101 111 112 101 114 111 102 116 104 101 111 112 101 114 97 
115 101 112 97 114 97 116 101 108 121 101 112 97 114 97 116 101 108 121 44 112 97 114 97 116 101 108 121 44 112 97 114 97 116 101 108 121 44 112 111 114 97 116 101 108 121 44 112 111 117 97 116 101 108 121 44 112 111 117 108 116 101 108 121 44 112 111 117 108 101 101 108 121 44 112 111 117 108 101 110 108 121 44 112 111 117 108 101 110 99 121 44 112 111 117 108 101 110 99 104 44 112 111 117 108 101 110 99 104 97 
112 111 117 108 101 110 99 104 97 100 111 117 108 101 110 99 104 97 100 99 117 108 101 110 99 104 97 100 99 117 108 101 110 99 104 97 100 99 117 114 101 110 99 104 97 100 99 117 114 116 110 99 104 97 100 99 117 114 116 97 99 104 97 100 99 117 114 116 97 105 104 97 100 99 117 114 116 97 105 108 97 100 99 117 114 116 97 105 108 101 100 99 117 114 116 97 105 108 101 100 99 117 114 116 97 105 108 101 100 119 
97 116 116 104 105 115 116 105 109 101 116 116 104 105 115 116 105 109 101 44 116 104 105 115 116 105 109 101 44 112 104 105 115 116 105 109 101 44 112 111 105 115 116 105 109 101 44 112 111 117 115 116 105 109 101 44 112 111 117 108 116 105 109 101 44 112 111 117 108 101 105 109 101 44 112 111 117 108 101 110 109 101 44 112 111 117 108 101 110 99 101 44 112 111 117 108 101 110 99 104 44 112 111 117 108 101 110 99 104 97 
97 116 116 104 101 116 105 109 101 111 116 116 104 101 116 105 109 101 111 102 116 104 101 116 105 109 101 111 102 105 104 101 116 105 109 101 111 102 105 116 101 116 105 109 101 111 102 105 116 115 116 105 109 101 111 102 105 116 115 105 105 109 101 111 102 105 116 115 105 110 109 101 111 102 105 116 115 105 110 100 101 111 102 105 116 115 105 110 100 101 111 102 105 116 115 105 110 100 101 112 102 105 116 115 105 110 100 101 112 101 
107 104 97 109 97 105 110 115 116 105 104 97 109 97 105 110 115 116 105 116 97 109 97 105 110 115 116 105 116 117 109 97 105 110 115 116 105 116 117 116 97 105 110 115 116 105 116 117 116 101 105 110 115 116 105 116 117 116 101 100 110 115 116 105 116 117 116 101 100 115 115 116 105 116 117 116 101 100 115 116 116 105 116 117 116 101 100 115 116 114 105 116 117 116 101 100 115 116 114 111 116 117 116 101 100 115 116 114 111 110 
98 101 116 119 101 101 110 49 57 54 101 116 119 101 101 110 49 57 54 54 116 119 101 101 110 49 57 54 54 97 119 101 101 110 49 57 54 54 97 110 101 101 110 49 57 54 54 97 110 100 101 110 49 57 54 54 97 110 100 49 110 49 57 54 54 97 110 100 49 57 49 57 54 54 97 110 100 49 57 56 57 54 54 97 110 100 49 57 56 48 54 54 97 110 100 49 57 56 48 98 54 97 110 100 49 57 56 48 98 111 
116 104 101 103 111 118 101 114 110 109 104 101 103 111 118 101 114 110 109 101 101 103 111 118 101 114 110 109 101 110 103 111 118 101 114 110 109 101 110 116 111 118 101 114 110 109 101 110 116 117 118 101 114 110 109 101 110 116 117 115 101 114 110 109 101 110 116 117 115 101 114 110 109 101 110 116 117 115 101 100 110 109 101 110 116 117 115 101 100 116 109 101 110 116 117 115 101 100 116 104 101 110 116 117 115 101 100 116 104 101 
100 117 101 116 111 107 104 97 109 97 117 101 116 111 107 104 97 109 97 39 101 116 111 107 104 97 109 97 39 115 116 111 107 104 97 109 97 39 115 100 111 107 104 97 109 97 39 115 100 101 107 104 97 109 97 39 115 100 101 100 104 97 109 97 39 115 100 101 100 105 97 109 97 39 115 100 101 100 105 99 109 97 39 115 100 101 100 105 99 97 97 39 115 100 101 100 105 99 97 116 39 115 100 101 100 105 99 97 116 105 
111 110 116 104 101 102 111 114 101 105 110 116 104 101 102 111 114 101 105 103 116 104 101 102 111 114 101 105 103 110 104 101 102 111 114 101 105 103 110 112 101 102 111 114 101 105 103 110 112 111 102 111 114 101 105 103 110 112 111 108 111 114 101 105 103 110 112 111 108 105 114 101 105 103 110 112 111 108 105 99 101 105 103 110 112 111 108 105 99 121 105 103 110 112 111 108 105 99 121 102 103 110 112 111 108 105 99 121 102 114 
